{
 "cells": [
  {
   "cell_type": "markdown",
   "metadata": {},
   "source": [
    "### a) Investigate the performance of a number of machine learning procedures on this dataset"
   ]
  },
  {
   "cell_type": "code",
   "execution_count": 1,
   "metadata": {
    "id": "bP6vyiIySzEq"
   },
   "outputs": [],
   "source": [
    "# Import libraries for data loading and visualization\n",
    "import numpy as np\n",
    "import pandas as pd\n",
    "import seaborn as sns\n",
    "import matplotlib.pyplot as plt\n",
    "import warnings\n",
    "warnings.filterwarnings('ignore')"
   ]
  },
  {
   "cell_type": "code",
   "execution_count": 2,
   "metadata": {},
   "outputs": [
    {
     "data": {
      "text/html": [
       "<div>\n",
       "<style scoped>\n",
       "    .dataframe tbody tr th:only-of-type {\n",
       "        vertical-align: middle;\n",
       "    }\n",
       "\n",
       "    .dataframe tbody tr th {\n",
       "        vertical-align: top;\n",
       "    }\n",
       "\n",
       "    .dataframe thead th {\n",
       "        text-align: right;\n",
       "    }\n",
       "</style>\n",
       "<table border=\"1\" class=\"dataframe\">\n",
       "  <thead>\n",
       "    <tr style=\"text-align: right;\">\n",
       "      <th></th>\n",
       "      <th>F1</th>\n",
       "      <th>F2</th>\n",
       "      <th>F3</th>\n",
       "      <th>F4</th>\n",
       "      <th>F5</th>\n",
       "      <th>F6</th>\n",
       "      <th>F7</th>\n",
       "      <th>F8</th>\n",
       "      <th>F9</th>\n",
       "      <th>F10</th>\n",
       "      <th>F11</th>\n",
       "      <th>F12</th>\n",
       "      <th>F13</th>\n",
       "      <th>F14</th>\n",
       "      <th>F15</th>\n",
       "      <th>Class</th>\n",
       "    </tr>\n",
       "  </thead>\n",
       "  <tbody>\n",
       "    <tr>\n",
       "      <th>0</th>\n",
       "      <td>-471.81</td>\n",
       "      <td>-1.14</td>\n",
       "      <td>20</td>\n",
       "      <td>7.45</td>\n",
       "      <td>1.98</td>\n",
       "      <td>-0.18</td>\n",
       "      <td>-9.18</td>\n",
       "      <td>-38.61</td>\n",
       "      <td>-28.14</td>\n",
       "      <td>-12.90</td>\n",
       "      <td>60</td>\n",
       "      <td>-189.87</td>\n",
       "      <td>8.45</td>\n",
       "      <td>4.85</td>\n",
       "      <td>9.24</td>\n",
       "      <td>False</td>\n",
       "    </tr>\n",
       "    <tr>\n",
       "      <th>1</th>\n",
       "      <td>-546.81</td>\n",
       "      <td>-8.52</td>\n",
       "      <td>20</td>\n",
       "      <td>6.40</td>\n",
       "      <td>4.24</td>\n",
       "      <td>3.42</td>\n",
       "      <td>-11.31</td>\n",
       "      <td>-46.26</td>\n",
       "      <td>-48.14</td>\n",
       "      <td>-11.28</td>\n",
       "      <td>350</td>\n",
       "      <td>-44.87</td>\n",
       "      <td>7.20</td>\n",
       "      <td>2.91</td>\n",
       "      <td>10.32</td>\n",
       "      <td>False</td>\n",
       "    </tr>\n",
       "    <tr>\n",
       "      <th>2</th>\n",
       "      <td>-486.81</td>\n",
       "      <td>-6.66</td>\n",
       "      <td>20</td>\n",
       "      <td>10.15</td>\n",
       "      <td>-1.22</td>\n",
       "      <td>3.34</td>\n",
       "      <td>-14.01</td>\n",
       "      <td>-39.81</td>\n",
       "      <td>-48.14</td>\n",
       "      <td>-12.14</td>\n",
       "      <td>190</td>\n",
       "      <td>-124.87</td>\n",
       "      <td>8.55</td>\n",
       "      <td>6.31</td>\n",
       "      <td>11.25</td>\n",
       "      <td>True</td>\n",
       "    </tr>\n",
       "    <tr>\n",
       "      <th>3</th>\n",
       "      <td>-282.81</td>\n",
       "      <td>8.37</td>\n",
       "      <td>2</td>\n",
       "      <td>0.38</td>\n",
       "      <td>3.58</td>\n",
       "      <td>-16.24</td>\n",
       "      <td>2.19</td>\n",
       "      <td>-22.26</td>\n",
       "      <td>-22.14</td>\n",
       "      <td>-22.32</td>\n",
       "      <td>10</td>\n",
       "      <td>-34.87</td>\n",
       "      <td>1.43</td>\n",
       "      <td>8.50</td>\n",
       "      <td>10.15</td>\n",
       "      <td>False</td>\n",
       "    </tr>\n",
       "    <tr>\n",
       "      <th>4</th>\n",
       "      <td>-336.81</td>\n",
       "      <td>-2.16</td>\n",
       "      <td>20</td>\n",
       "      <td>8.45</td>\n",
       "      <td>-1.18</td>\n",
       "      <td>2.94</td>\n",
       "      <td>-11.10</td>\n",
       "      <td>-37.11</td>\n",
       "      <td>-28.14</td>\n",
       "      <td>-15.84</td>\n",
       "      <td>105</td>\n",
       "      <td>-124.87</td>\n",
       "      <td>6.45</td>\n",
       "      <td>4.17</td>\n",
       "      <td>NaN</td>\n",
       "      <td>False</td>\n",
       "    </tr>\n",
       "  </tbody>\n",
       "</table>\n",
       "</div>"
      ],
      "text/plain": [
       "       F1    F2  F3     F4    F5     F6     F7     F8     F9    F10  F11  \\\n",
       "0 -471.81 -1.14  20   7.45  1.98  -0.18  -9.18 -38.61 -28.14 -12.90   60   \n",
       "1 -546.81 -8.52  20   6.40  4.24   3.42 -11.31 -46.26 -48.14 -11.28  350   \n",
       "2 -486.81 -6.66  20  10.15 -1.22   3.34 -14.01 -39.81 -48.14 -12.14  190   \n",
       "3 -282.81  8.37   2   0.38  3.58 -16.24   2.19 -22.26 -22.14 -22.32   10   \n",
       "4 -336.81 -2.16  20   8.45 -1.18   2.94 -11.10 -37.11 -28.14 -15.84  105   \n",
       "\n",
       "      F12   F13   F14    F15  Class  \n",
       "0 -189.87  8.45  4.85   9.24  False  \n",
       "1  -44.87  7.20  2.91  10.32  False  \n",
       "2 -124.87  8.55  6.31  11.25   True  \n",
       "3  -34.87  1.43  8.50  10.15  False  \n",
       "4 -124.87  6.45  4.17    NaN  False  "
      ]
     },
     "execution_count": 2,
     "metadata": {},
     "output_type": "execute_result"
    }
   ],
   "source": [
    "# read training dataset\n",
    "td = pd.read_csv(\"CE802_P2_Data.csv\")\n",
    "td.head()"
   ]
  },
  {
   "cell_type": "code",
   "execution_count": 3,
   "metadata": {
    "colab": {
     "base_uri": "https://localhost:8080/"
    },
    "id": "8uo0lVYLSzE1",
    "outputId": "9da286a6-42e5-4c53-f8b8-7677ba14ce82",
    "scrolled": true
   },
   "outputs": [
    {
     "name": "stdout",
     "output_type": "stream",
     "text": [
      "\n",
      "Features Present: \n",
      " Index(['F1', 'F2', 'F3', 'F4', 'F5', 'F6', 'F7', 'F8', 'F9', 'F10', 'F11',\n",
      "       'F12', 'F13', 'F14', 'F15', 'Class'],\n",
      "      dtype='object')\n"
     ]
    }
   ],
   "source": [
    "# checking the features, their shape, duplicate values and nan values in the Datasets\n",
    "print(\"\\nFeatures Present: \\n\", td.columns)"
   ]
  },
  {
   "cell_type": "code",
   "execution_count": 4,
   "metadata": {},
   "outputs": [
    {
     "name": "stdout",
     "output_type": "stream",
     "text": [
      "\n",
      "Total Number of Rows :  1500\n",
      "Total Number of Features :  16\n"
     ]
    }
   ],
   "source": [
    "# check total numbers of rows and features in dataset\n",
    "shape=td.shape\n",
    "print(\"\\nTotal Number of Rows : \",shape[0])\n",
    "print(\"Total Number of Features : \", shape[1])"
   ]
  },
  {
   "cell_type": "code",
   "execution_count": 5,
   "metadata": {},
   "outputs": [
    {
     "name": "stdout",
     "output_type": "stream",
     "text": [
      "\n",
      "\n",
      "Data Types of Features :\n",
      " F1       float64\n",
      "F2       float64\n",
      "F3         int64\n",
      "F4       float64\n",
      "F5       float64\n",
      "F6       float64\n",
      "F7       float64\n",
      "F8       float64\n",
      "F9       float64\n",
      "F10      float64\n",
      "F11        int64\n",
      "F12      float64\n",
      "F13      float64\n",
      "F14      float64\n",
      "F15      float64\n",
      "Class       bool\n",
      "dtype: object\n",
      "\n",
      "Dataset contains any NaN/Empty cells :  True\n"
     ]
    }
   ],
   "source": [
    "# check data types and NaN cells in given data\n",
    "print(\"\\n\\nData Types of Features :\\n\", td.dtypes)\n",
    "print(\"\\nDataset contains any NaN/Empty cells : \", td.isnull().values.any())"
   ]
  },
  {
   "cell_type": "code",
   "execution_count": 6,
   "metadata": {},
   "outputs": [
    {
     "name": "stdout",
     "output_type": "stream",
     "text": [
      "\n",
      "Total number of empty rows in every feature:\n",
      " F1         0\n",
      "F2         0\n",
      "F3         0\n",
      "F4         0\n",
      "F5         0\n",
      "F6         0\n",
      "F7         0\n",
      "F8         0\n",
      "F9         0\n",
      "F10        0\n",
      "F11        0\n",
      "F12        0\n",
      "F13        0\n",
      "F14        0\n",
      "F15      750\n",
      "Class      0\n",
      "dtype: int64 \n",
      "\n",
      "\n",
      "Total number of remarkable values in every feature:\n",
      "Number of remarkable values of F1 : 80\n",
      "Number of remarkable values of F2 : 646\n",
      "Number of remarkable values of F3 : 4\n",
      "Number of remarkable values of F4 : 216\n",
      "Number of remarkable values of F5 : 432\n",
      "Number of remarkable values of F6 : 660\n",
      "Number of remarkable values of F7 : 650\n",
      "Number of remarkable values of F8 : 214\n",
      "Number of remarkable values of F9 : 11\n",
      "Number of remarkable values of F10 : 656\n",
      "Number of remarkable values of F11 : 141\n",
      "Number of remarkable values of F12 : 91\n",
      "Number of remarkable values of F13 : 400\n",
      "Number of remarkable values of F14 : 649\n",
      "Number of remarkable values of F15 : 331\n",
      "Number of remarkable values of Class : 2\n"
     ]
    }
   ],
   "source": [
    "print(\"\\nTotal number of empty rows in every feature:\\n\", td.isnull().sum(),\"\\n\\n\")\n",
    "print(\"Total number of remarkable values in every feature:\")\n",
    "for col in td.columns.values:\n",
    "    print(\"Number of remarkable values of {} : {}\".format(col, td[col].nunique()))"
   ]
  },
  {
   "cell_type": "code",
   "execution_count": 7,
   "metadata": {},
   "outputs": [
    {
     "name": "stdout",
     "output_type": "stream",
     "text": [
      "\n",
      " Target variable information  \n",
      " False    809\n",
      "True     691\n",
      "Name: Class, dtype: int64\n"
     ]
    }
   ],
   "source": [
    "print ('\\n Target variable information ','\\n',td.Class.value_counts())"
   ]
  },
  {
   "cell_type": "code",
   "execution_count": 8,
   "metadata": {
    "colab": {
     "base_uri": "https://localhost:8080/"
    },
    "id": "ESkfcZr0SzE2",
    "outputId": "cd16cf13-9a2d-4a56-cfe8-3cfef184c7c8",
    "scrolled": true
   },
   "outputs": [
    {
     "data": {
      "text/plain": [
       "F1         0\n",
       "F2         0\n",
       "F3         0\n",
       "F4         0\n",
       "F5         0\n",
       "F6         0\n",
       "F7         0\n",
       "F8         0\n",
       "F9         0\n",
       "F10        0\n",
       "F11        0\n",
       "F12        0\n",
       "F13        0\n",
       "F14        0\n",
       "F15      750\n",
       "Class      0\n",
       "dtype: int64"
      ]
     },
     "execution_count": 8,
     "metadata": {},
     "output_type": "execute_result"
    }
   ],
   "source": [
    "# Total numbers of null values in dataset\n",
    "td.isnull().sum()"
   ]
  },
  {
   "cell_type": "code",
   "execution_count": 9,
   "metadata": {},
   "outputs": [
    {
     "data": {
      "text/plain": [
       "10.75"
      ]
     },
     "execution_count": 9,
     "metadata": {},
     "output_type": "execute_result"
    }
   ],
   "source": [
    "# find out of F15 median values\n",
    "td[\"F15\"].median()"
   ]
  },
  {
   "cell_type": "code",
   "execution_count": 10,
   "metadata": {},
   "outputs": [],
   "source": [
    "# replace null values by median values\n",
    "td[\"F15\"].fillna(td[\"F15\"].median(),inplace=True)"
   ]
  },
  {
   "cell_type": "code",
   "execution_count": 11,
   "metadata": {
    "colab": {
     "base_uri": "https://localhost:8080/",
     "height": 317
    },
    "id": "VTvGqLxaSzE2",
    "outputId": "54313205-2b6b-4553-a4ff-292f7ad9790e"
   },
   "outputs": [
    {
     "data": {
      "text/html": [
       "<div>\n",
       "<style scoped>\n",
       "    .dataframe tbody tr th:only-of-type {\n",
       "        vertical-align: middle;\n",
       "    }\n",
       "\n",
       "    .dataframe tbody tr th {\n",
       "        vertical-align: top;\n",
       "    }\n",
       "\n",
       "    .dataframe thead th {\n",
       "        text-align: right;\n",
       "    }\n",
       "</style>\n",
       "<table border=\"1\" class=\"dataframe\">\n",
       "  <thead>\n",
       "    <tr style=\"text-align: right;\">\n",
       "      <th></th>\n",
       "      <th>F1</th>\n",
       "      <th>F2</th>\n",
       "      <th>F3</th>\n",
       "      <th>F4</th>\n",
       "      <th>F5</th>\n",
       "      <th>F6</th>\n",
       "      <th>F7</th>\n",
       "      <th>F8</th>\n",
       "      <th>F9</th>\n",
       "      <th>F10</th>\n",
       "      <th>F11</th>\n",
       "      <th>F12</th>\n",
       "      <th>F13</th>\n",
       "      <th>F14</th>\n",
       "      <th>F15</th>\n",
       "    </tr>\n",
       "  </thead>\n",
       "  <tbody>\n",
       "    <tr>\n",
       "      <th>count</th>\n",
       "      <td>1500.000000</td>\n",
       "      <td>1500.000000</td>\n",
       "      <td>1500.000000</td>\n",
       "      <td>1500.000000</td>\n",
       "      <td>1500.000000</td>\n",
       "      <td>1500.000000</td>\n",
       "      <td>1500.000000</td>\n",
       "      <td>1500.000000</td>\n",
       "      <td>1500.00000</td>\n",
       "      <td>1500.000000</td>\n",
       "      <td>1500.000000</td>\n",
       "      <td>1500.000000</td>\n",
       "      <td>1500.00000</td>\n",
       "      <td>1500.000000</td>\n",
       "      <td>1500.000000</td>\n",
       "    </tr>\n",
       "    <tr>\n",
       "      <th>mean</th>\n",
       "      <td>-290.052000</td>\n",
       "      <td>4.166360</td>\n",
       "      <td>10.806667</td>\n",
       "      <td>3.854280</td>\n",
       "      <td>0.604707</td>\n",
       "      <td>-3.446520</td>\n",
       "      <td>-3.015400</td>\n",
       "      <td>-31.523440</td>\n",
       "      <td>-33.41600</td>\n",
       "      <td>-18.354107</td>\n",
       "      <td>109.024667</td>\n",
       "      <td>-74.315333</td>\n",
       "      <td>4.96876</td>\n",
       "      <td>6.997533</td>\n",
       "      <td>10.746507</td>\n",
       "    </tr>\n",
       "    <tr>\n",
       "      <th>std</th>\n",
       "      <td>120.565344</td>\n",
       "      <td>7.621932</td>\n",
       "      <td>9.009814</td>\n",
       "      <td>3.465276</td>\n",
       "      <td>2.217929</td>\n",
       "      <td>5.108542</td>\n",
       "      <td>7.635517</td>\n",
       "      <td>9.500727</td>\n",
       "      <td>14.31863</td>\n",
       "      <td>5.027699</td>\n",
       "      <td>117.334580</td>\n",
       "      <td>71.416874</td>\n",
       "      <td>4.32521</td>\n",
       "      <td>2.491236</td>\n",
       "      <td>0.710496</td>\n",
       "    </tr>\n",
       "    <tr>\n",
       "      <th>min</th>\n",
       "      <td>-591.810000</td>\n",
       "      <td>-9.810000</td>\n",
       "      <td>0.000000</td>\n",
       "      <td>0.000000</td>\n",
       "      <td>-4.120000</td>\n",
       "      <td>-20.240000</td>\n",
       "      <td>-16.710000</td>\n",
       "      <td>-50.910000</td>\n",
       "      <td>-68.14000</td>\n",
       "      <td>-33.680000</td>\n",
       "      <td>0.000000</td>\n",
       "      <td>-239.870000</td>\n",
       "      <td>0.00000</td>\n",
       "      <td>2.490000</td>\n",
       "      <td>8.020000</td>\n",
       "    </tr>\n",
       "    <tr>\n",
       "      <th>25%</th>\n",
       "      <td>-336.810000</td>\n",
       "      <td>-3.270000</td>\n",
       "      <td>2.000000</td>\n",
       "      <td>0.600000</td>\n",
       "      <td>-0.700000</td>\n",
       "      <td>-7.240000</td>\n",
       "      <td>-10.380000</td>\n",
       "      <td>-39.810000</td>\n",
       "      <td>-48.14000</td>\n",
       "      <td>-22.240000</td>\n",
       "      <td>15.000000</td>\n",
       "      <td>-134.870000</td>\n",
       "      <td>1.24000</td>\n",
       "      <td>4.620000</td>\n",
       "      <td>10.750000</td>\n",
       "    </tr>\n",
       "    <tr>\n",
       "      <th>50%</th>\n",
       "      <td>-273.810000</td>\n",
       "      <td>7.110000</td>\n",
       "      <td>2.000000</td>\n",
       "      <td>1.020000</td>\n",
       "      <td>0.300000</td>\n",
       "      <td>-5.440000</td>\n",
       "      <td>-0.045000</td>\n",
       "      <td>-23.700000</td>\n",
       "      <td>-26.14000</td>\n",
       "      <td>-20.320000</td>\n",
       "      <td>50.000000</td>\n",
       "      <td>-38.870000</td>\n",
       "      <td>2.07000</td>\n",
       "      <td>7.950000</td>\n",
       "      <td>10.750000</td>\n",
       "    </tr>\n",
       "    <tr>\n",
       "      <th>75%</th>\n",
       "      <td>-234.810000</td>\n",
       "      <td>9.810000</td>\n",
       "      <td>20.000000</td>\n",
       "      <td>7.050000</td>\n",
       "      <td>1.760000</td>\n",
       "      <td>1.545000</td>\n",
       "      <td>2.640000</td>\n",
       "      <td>-22.620000</td>\n",
       "      <td>-22.14000</td>\n",
       "      <td>-13.540000</td>\n",
       "      <td>195.000000</td>\n",
       "      <td>-18.870000</td>\n",
       "      <td>8.20000</td>\n",
       "      <td>8.832500</td>\n",
       "      <td>10.750000</td>\n",
       "    </tr>\n",
       "    <tr>\n",
       "      <th>max</th>\n",
       "      <td>53.190000</td>\n",
       "      <td>31.260000</td>\n",
       "      <td>20.000000</td>\n",
       "      <td>10.350000</td>\n",
       "      <td>9.080000</td>\n",
       "      <td>5.500000</td>\n",
       "      <td>22.080000</td>\n",
       "      <td>-20.460000</td>\n",
       "      <td>-16.14000</td>\n",
       "      <td>-9.400000</td>\n",
       "      <td>390.000000</td>\n",
       "      <td>5.130000</td>\n",
       "      <td>15.70000</td>\n",
       "      <td>14.730000</td>\n",
       "      <td>13.100000</td>\n",
       "    </tr>\n",
       "  </tbody>\n",
       "</table>\n",
       "</div>"
      ],
      "text/plain": [
       "                F1           F2           F3           F4           F5  \\\n",
       "count  1500.000000  1500.000000  1500.000000  1500.000000  1500.000000   \n",
       "mean   -290.052000     4.166360    10.806667     3.854280     0.604707   \n",
       "std     120.565344     7.621932     9.009814     3.465276     2.217929   \n",
       "min    -591.810000    -9.810000     0.000000     0.000000    -4.120000   \n",
       "25%    -336.810000    -3.270000     2.000000     0.600000    -0.700000   \n",
       "50%    -273.810000     7.110000     2.000000     1.020000     0.300000   \n",
       "75%    -234.810000     9.810000    20.000000     7.050000     1.760000   \n",
       "max      53.190000    31.260000    20.000000    10.350000     9.080000   \n",
       "\n",
       "                F6           F7           F8          F9          F10  \\\n",
       "count  1500.000000  1500.000000  1500.000000  1500.00000  1500.000000   \n",
       "mean     -3.446520    -3.015400   -31.523440   -33.41600   -18.354107   \n",
       "std       5.108542     7.635517     9.500727    14.31863     5.027699   \n",
       "min     -20.240000   -16.710000   -50.910000   -68.14000   -33.680000   \n",
       "25%      -7.240000   -10.380000   -39.810000   -48.14000   -22.240000   \n",
       "50%      -5.440000    -0.045000   -23.700000   -26.14000   -20.320000   \n",
       "75%       1.545000     2.640000   -22.620000   -22.14000   -13.540000   \n",
       "max       5.500000    22.080000   -20.460000   -16.14000    -9.400000   \n",
       "\n",
       "               F11          F12         F13          F14          F15  \n",
       "count  1500.000000  1500.000000  1500.00000  1500.000000  1500.000000  \n",
       "mean    109.024667   -74.315333     4.96876     6.997533    10.746507  \n",
       "std     117.334580    71.416874     4.32521     2.491236     0.710496  \n",
       "min       0.000000  -239.870000     0.00000     2.490000     8.020000  \n",
       "25%      15.000000  -134.870000     1.24000     4.620000    10.750000  \n",
       "50%      50.000000   -38.870000     2.07000     7.950000    10.750000  \n",
       "75%     195.000000   -18.870000     8.20000     8.832500    10.750000  \n",
       "max     390.000000     5.130000    15.70000    14.730000    13.100000  "
      ]
     },
     "execution_count": 11,
     "metadata": {},
     "output_type": "execute_result"
    }
   ],
   "source": [
    "# Checking Statistical Informations\n",
    "td.describe()"
   ]
  },
  {
   "cell_type": "code",
   "execution_count": 12,
   "metadata": {
    "colab": {
     "base_uri": "https://localhost:8080/",
     "height": 1000
    },
    "id": "3RjbQqzrSzE7",
    "outputId": "8a31ae6a-d812-42cf-cb6e-1dbdfdc61adf"
   },
   "outputs": [
    {
     "data": {
      "text/html": [
       "<div>\n",
       "<style scoped>\n",
       "    .dataframe tbody tr th:only-of-type {\n",
       "        vertical-align: middle;\n",
       "    }\n",
       "\n",
       "    .dataframe tbody tr th {\n",
       "        vertical-align: top;\n",
       "    }\n",
       "\n",
       "    .dataframe thead th {\n",
       "        text-align: right;\n",
       "    }\n",
       "</style>\n",
       "<table border=\"1\" class=\"dataframe\">\n",
       "  <thead>\n",
       "    <tr style=\"text-align: right;\">\n",
       "      <th></th>\n",
       "      <th>F1</th>\n",
       "      <th>F2</th>\n",
       "      <th>F3</th>\n",
       "      <th>F4</th>\n",
       "      <th>F5</th>\n",
       "      <th>F6</th>\n",
       "      <th>F7</th>\n",
       "      <th>F8</th>\n",
       "      <th>F9</th>\n",
       "      <th>F10</th>\n",
       "      <th>F11</th>\n",
       "      <th>F12</th>\n",
       "      <th>F13</th>\n",
       "      <th>F14</th>\n",
       "      <th>F15</th>\n",
       "      <th>Class</th>\n",
       "    </tr>\n",
       "  </thead>\n",
       "  <tbody>\n",
       "    <tr>\n",
       "      <th>F1</th>\n",
       "      <td>1.000000</td>\n",
       "      <td>0.207789</td>\n",
       "      <td>-0.194345</td>\n",
       "      <td>-0.203882</td>\n",
       "      <td>-0.251693</td>\n",
       "      <td>-0.215099</td>\n",
       "      <td>0.205886</td>\n",
       "      <td>0.224060</td>\n",
       "      <td>-0.238974</td>\n",
       "      <td>-0.207080</td>\n",
       "      <td>-0.069969</td>\n",
       "      <td>0.088436</td>\n",
       "      <td>-0.194739</td>\n",
       "      <td>0.192413</td>\n",
       "      <td>0.051331</td>\n",
       "      <td>0.050738</td>\n",
       "    </tr>\n",
       "    <tr>\n",
       "      <th>F2</th>\n",
       "      <td>0.207789</td>\n",
       "      <td>1.000000</td>\n",
       "      <td>-0.863027</td>\n",
       "      <td>-0.855536</td>\n",
       "      <td>0.166323</td>\n",
       "      <td>-0.804192</td>\n",
       "      <td>0.804545</td>\n",
       "      <td>0.873595</td>\n",
       "      <td>0.611943</td>\n",
       "      <td>-0.807678</td>\n",
       "      <td>-0.682649</td>\n",
       "      <td>0.611131</td>\n",
       "      <td>-0.750944</td>\n",
       "      <td>0.794590</td>\n",
       "      <td>0.121544</td>\n",
       "      <td>0.068795</td>\n",
       "    </tr>\n",
       "    <tr>\n",
       "      <th>F3</th>\n",
       "      <td>-0.194345</td>\n",
       "      <td>-0.863027</td>\n",
       "      <td>1.000000</td>\n",
       "      <td>0.954840</td>\n",
       "      <td>-0.229981</td>\n",
       "      <td>0.873724</td>\n",
       "      <td>-0.868528</td>\n",
       "      <td>-0.956640</td>\n",
       "      <td>-0.738079</td>\n",
       "      <td>0.877293</td>\n",
       "      <td>0.742369</td>\n",
       "      <td>-0.744822</td>\n",
       "      <td>0.888977</td>\n",
       "      <td>-0.865109</td>\n",
       "      <td>-0.225618</td>\n",
       "      <td>-0.203649</td>\n",
       "    </tr>\n",
       "    <tr>\n",
       "      <th>F4</th>\n",
       "      <td>-0.203882</td>\n",
       "      <td>-0.855536</td>\n",
       "      <td>0.954840</td>\n",
       "      <td>1.000000</td>\n",
       "      <td>-0.201330</td>\n",
       "      <td>0.861852</td>\n",
       "      <td>-0.863434</td>\n",
       "      <td>-0.906307</td>\n",
       "      <td>-0.697186</td>\n",
       "      <td>0.867305</td>\n",
       "      <td>0.733312</td>\n",
       "      <td>-0.721849</td>\n",
       "      <td>0.834246</td>\n",
       "      <td>-0.854378</td>\n",
       "      <td>-0.166382</td>\n",
       "      <td>-0.135190</td>\n",
       "    </tr>\n",
       "    <tr>\n",
       "      <th>F5</th>\n",
       "      <td>-0.251693</td>\n",
       "      <td>0.166323</td>\n",
       "      <td>-0.229981</td>\n",
       "      <td>-0.201330</td>\n",
       "      <td>1.000000</td>\n",
       "      <td>-0.167082</td>\n",
       "      <td>0.176375</td>\n",
       "      <td>0.182643</td>\n",
       "      <td>0.336565</td>\n",
       "      <td>-0.181686</td>\n",
       "      <td>-0.012291</td>\n",
       "      <td>0.204661</td>\n",
       "      <td>-0.276405</td>\n",
       "      <td>0.170702</td>\n",
       "      <td>-0.013452</td>\n",
       "      <td>-0.024064</td>\n",
       "    </tr>\n",
       "    <tr>\n",
       "      <th>F6</th>\n",
       "      <td>-0.215099</td>\n",
       "      <td>-0.804192</td>\n",
       "      <td>0.873724</td>\n",
       "      <td>0.861852</td>\n",
       "      <td>-0.167082</td>\n",
       "      <td>1.000000</td>\n",
       "      <td>-0.813816</td>\n",
       "      <td>-0.884842</td>\n",
       "      <td>-0.630234</td>\n",
       "      <td>0.826213</td>\n",
       "      <td>0.679250</td>\n",
       "      <td>-0.599455</td>\n",
       "      <td>0.755101</td>\n",
       "      <td>-0.802995</td>\n",
       "      <td>-0.112451</td>\n",
       "      <td>-0.079108</td>\n",
       "    </tr>\n",
       "    <tr>\n",
       "      <th>F7</th>\n",
       "      <td>0.205886</td>\n",
       "      <td>0.804545</td>\n",
       "      <td>-0.868528</td>\n",
       "      <td>-0.863434</td>\n",
       "      <td>0.176375</td>\n",
       "      <td>-0.813816</td>\n",
       "      <td>1.000000</td>\n",
       "      <td>0.883349</td>\n",
       "      <td>0.614027</td>\n",
       "      <td>-0.809473</td>\n",
       "      <td>-0.690864</td>\n",
       "      <td>0.614240</td>\n",
       "      <td>-0.763419</td>\n",
       "      <td>0.791322</td>\n",
       "      <td>0.124188</td>\n",
       "      <td>0.057144</td>\n",
       "    </tr>\n",
       "    <tr>\n",
       "      <th>F8</th>\n",
       "      <td>0.224060</td>\n",
       "      <td>0.873595</td>\n",
       "      <td>-0.956640</td>\n",
       "      <td>-0.906307</td>\n",
       "      <td>0.182643</td>\n",
       "      <td>-0.884842</td>\n",
       "      <td>0.883349</td>\n",
       "      <td>1.000000</td>\n",
       "      <td>0.681754</td>\n",
       "      <td>-0.887500</td>\n",
       "      <td>-0.755121</td>\n",
       "      <td>0.727545</td>\n",
       "      <td>-0.837365</td>\n",
       "      <td>0.873428</td>\n",
       "      <td>0.138519</td>\n",
       "      <td>0.080522</td>\n",
       "    </tr>\n",
       "    <tr>\n",
       "      <th>F9</th>\n",
       "      <td>-0.238974</td>\n",
       "      <td>0.611943</td>\n",
       "      <td>-0.738079</td>\n",
       "      <td>-0.697186</td>\n",
       "      <td>0.336565</td>\n",
       "      <td>-0.630234</td>\n",
       "      <td>0.614027</td>\n",
       "      <td>0.681754</td>\n",
       "      <td>1.000000</td>\n",
       "      <td>-0.637027</td>\n",
       "      <td>-0.600153</td>\n",
       "      <td>0.599113</td>\n",
       "      <td>-0.637508</td>\n",
       "      <td>0.620092</td>\n",
       "      <td>0.162056</td>\n",
       "      <td>0.144057</td>\n",
       "    </tr>\n",
       "    <tr>\n",
       "      <th>F10</th>\n",
       "      <td>-0.207080</td>\n",
       "      <td>-0.807678</td>\n",
       "      <td>0.877293</td>\n",
       "      <td>0.867305</td>\n",
       "      <td>-0.181686</td>\n",
       "      <td>0.826213</td>\n",
       "      <td>-0.809473</td>\n",
       "      <td>-0.887500</td>\n",
       "      <td>-0.637027</td>\n",
       "      <td>1.000000</td>\n",
       "      <td>0.675264</td>\n",
       "      <td>-0.619599</td>\n",
       "      <td>0.762769</td>\n",
       "      <td>-0.818105</td>\n",
       "      <td>-0.123306</td>\n",
       "      <td>-0.058308</td>\n",
       "    </tr>\n",
       "    <tr>\n",
       "      <th>F11</th>\n",
       "      <td>-0.069969</td>\n",
       "      <td>-0.682649</td>\n",
       "      <td>0.742369</td>\n",
       "      <td>0.733312</td>\n",
       "      <td>-0.012291</td>\n",
       "      <td>0.679250</td>\n",
       "      <td>-0.690864</td>\n",
       "      <td>-0.755121</td>\n",
       "      <td>-0.600153</td>\n",
       "      <td>0.675264</td>\n",
       "      <td>1.000000</td>\n",
       "      <td>-0.540342</td>\n",
       "      <td>0.706639</td>\n",
       "      <td>-0.676389</td>\n",
       "      <td>-0.170123</td>\n",
       "      <td>-0.152249</td>\n",
       "    </tr>\n",
       "    <tr>\n",
       "      <th>F12</th>\n",
       "      <td>0.088436</td>\n",
       "      <td>0.611131</td>\n",
       "      <td>-0.744822</td>\n",
       "      <td>-0.721849</td>\n",
       "      <td>0.204661</td>\n",
       "      <td>-0.599455</td>\n",
       "      <td>0.614240</td>\n",
       "      <td>0.727545</td>\n",
       "      <td>0.599113</td>\n",
       "      <td>-0.619599</td>\n",
       "      <td>-0.540342</td>\n",
       "      <td>1.000000</td>\n",
       "      <td>-0.672167</td>\n",
       "      <td>0.595590</td>\n",
       "      <td>0.254622</td>\n",
       "      <td>0.266599</td>\n",
       "    </tr>\n",
       "    <tr>\n",
       "      <th>F13</th>\n",
       "      <td>-0.194739</td>\n",
       "      <td>-0.750944</td>\n",
       "      <td>0.888977</td>\n",
       "      <td>0.834246</td>\n",
       "      <td>-0.276405</td>\n",
       "      <td>0.755101</td>\n",
       "      <td>-0.763419</td>\n",
       "      <td>-0.837365</td>\n",
       "      <td>-0.637508</td>\n",
       "      <td>0.762769</td>\n",
       "      <td>0.706639</td>\n",
       "      <td>-0.672167</td>\n",
       "      <td>1.000000</td>\n",
       "      <td>-0.753287</td>\n",
       "      <td>-0.211260</td>\n",
       "      <td>-0.191255</td>\n",
       "    </tr>\n",
       "    <tr>\n",
       "      <th>F14</th>\n",
       "      <td>0.192413</td>\n",
       "      <td>0.794590</td>\n",
       "      <td>-0.865109</td>\n",
       "      <td>-0.854378</td>\n",
       "      <td>0.170702</td>\n",
       "      <td>-0.802995</td>\n",
       "      <td>0.791322</td>\n",
       "      <td>0.873428</td>\n",
       "      <td>0.620092</td>\n",
       "      <td>-0.818105</td>\n",
       "      <td>-0.676389</td>\n",
       "      <td>0.595590</td>\n",
       "      <td>-0.753287</td>\n",
       "      <td>1.000000</td>\n",
       "      <td>0.131870</td>\n",
       "      <td>0.079035</td>\n",
       "    </tr>\n",
       "    <tr>\n",
       "      <th>F15</th>\n",
       "      <td>0.051331</td>\n",
       "      <td>0.121544</td>\n",
       "      <td>-0.225618</td>\n",
       "      <td>-0.166382</td>\n",
       "      <td>-0.013452</td>\n",
       "      <td>-0.112451</td>\n",
       "      <td>0.124188</td>\n",
       "      <td>0.138519</td>\n",
       "      <td>0.162056</td>\n",
       "      <td>-0.123306</td>\n",
       "      <td>-0.170123</td>\n",
       "      <td>0.254622</td>\n",
       "      <td>-0.211260</td>\n",
       "      <td>0.131870</td>\n",
       "      <td>1.000000</td>\n",
       "      <td>0.515709</td>\n",
       "    </tr>\n",
       "    <tr>\n",
       "      <th>Class</th>\n",
       "      <td>0.050738</td>\n",
       "      <td>0.068795</td>\n",
       "      <td>-0.203649</td>\n",
       "      <td>-0.135190</td>\n",
       "      <td>-0.024064</td>\n",
       "      <td>-0.079108</td>\n",
       "      <td>0.057144</td>\n",
       "      <td>0.080522</td>\n",
       "      <td>0.144057</td>\n",
       "      <td>-0.058308</td>\n",
       "      <td>-0.152249</td>\n",
       "      <td>0.266599</td>\n",
       "      <td>-0.191255</td>\n",
       "      <td>0.079035</td>\n",
       "      <td>0.515709</td>\n",
       "      <td>1.000000</td>\n",
       "    </tr>\n",
       "  </tbody>\n",
       "</table>\n",
       "</div>"
      ],
      "text/plain": [
       "             F1        F2        F3        F4        F5        F6        F7  \\\n",
       "F1     1.000000  0.207789 -0.194345 -0.203882 -0.251693 -0.215099  0.205886   \n",
       "F2     0.207789  1.000000 -0.863027 -0.855536  0.166323 -0.804192  0.804545   \n",
       "F3    -0.194345 -0.863027  1.000000  0.954840 -0.229981  0.873724 -0.868528   \n",
       "F4    -0.203882 -0.855536  0.954840  1.000000 -0.201330  0.861852 -0.863434   \n",
       "F5    -0.251693  0.166323 -0.229981 -0.201330  1.000000 -0.167082  0.176375   \n",
       "F6    -0.215099 -0.804192  0.873724  0.861852 -0.167082  1.000000 -0.813816   \n",
       "F7     0.205886  0.804545 -0.868528 -0.863434  0.176375 -0.813816  1.000000   \n",
       "F8     0.224060  0.873595 -0.956640 -0.906307  0.182643 -0.884842  0.883349   \n",
       "F9    -0.238974  0.611943 -0.738079 -0.697186  0.336565 -0.630234  0.614027   \n",
       "F10   -0.207080 -0.807678  0.877293  0.867305 -0.181686  0.826213 -0.809473   \n",
       "F11   -0.069969 -0.682649  0.742369  0.733312 -0.012291  0.679250 -0.690864   \n",
       "F12    0.088436  0.611131 -0.744822 -0.721849  0.204661 -0.599455  0.614240   \n",
       "F13   -0.194739 -0.750944  0.888977  0.834246 -0.276405  0.755101 -0.763419   \n",
       "F14    0.192413  0.794590 -0.865109 -0.854378  0.170702 -0.802995  0.791322   \n",
       "F15    0.051331  0.121544 -0.225618 -0.166382 -0.013452 -0.112451  0.124188   \n",
       "Class  0.050738  0.068795 -0.203649 -0.135190 -0.024064 -0.079108  0.057144   \n",
       "\n",
       "             F8        F9       F10       F11       F12       F13       F14  \\\n",
       "F1     0.224060 -0.238974 -0.207080 -0.069969  0.088436 -0.194739  0.192413   \n",
       "F2     0.873595  0.611943 -0.807678 -0.682649  0.611131 -0.750944  0.794590   \n",
       "F3    -0.956640 -0.738079  0.877293  0.742369 -0.744822  0.888977 -0.865109   \n",
       "F4    -0.906307 -0.697186  0.867305  0.733312 -0.721849  0.834246 -0.854378   \n",
       "F5     0.182643  0.336565 -0.181686 -0.012291  0.204661 -0.276405  0.170702   \n",
       "F6    -0.884842 -0.630234  0.826213  0.679250 -0.599455  0.755101 -0.802995   \n",
       "F7     0.883349  0.614027 -0.809473 -0.690864  0.614240 -0.763419  0.791322   \n",
       "F8     1.000000  0.681754 -0.887500 -0.755121  0.727545 -0.837365  0.873428   \n",
       "F9     0.681754  1.000000 -0.637027 -0.600153  0.599113 -0.637508  0.620092   \n",
       "F10   -0.887500 -0.637027  1.000000  0.675264 -0.619599  0.762769 -0.818105   \n",
       "F11   -0.755121 -0.600153  0.675264  1.000000 -0.540342  0.706639 -0.676389   \n",
       "F12    0.727545  0.599113 -0.619599 -0.540342  1.000000 -0.672167  0.595590   \n",
       "F13   -0.837365 -0.637508  0.762769  0.706639 -0.672167  1.000000 -0.753287   \n",
       "F14    0.873428  0.620092 -0.818105 -0.676389  0.595590 -0.753287  1.000000   \n",
       "F15    0.138519  0.162056 -0.123306 -0.170123  0.254622 -0.211260  0.131870   \n",
       "Class  0.080522  0.144057 -0.058308 -0.152249  0.266599 -0.191255  0.079035   \n",
       "\n",
       "            F15     Class  \n",
       "F1     0.051331  0.050738  \n",
       "F2     0.121544  0.068795  \n",
       "F3    -0.225618 -0.203649  \n",
       "F4    -0.166382 -0.135190  \n",
       "F5    -0.013452 -0.024064  \n",
       "F6    -0.112451 -0.079108  \n",
       "F7     0.124188  0.057144  \n",
       "F8     0.138519  0.080522  \n",
       "F9     0.162056  0.144057  \n",
       "F10   -0.123306 -0.058308  \n",
       "F11   -0.170123 -0.152249  \n",
       "F12    0.254622  0.266599  \n",
       "F13   -0.211260 -0.191255  \n",
       "F14    0.131870  0.079035  \n",
       "F15    1.000000  0.515709  \n",
       "Class  0.515709  1.000000  "
      ]
     },
     "execution_count": 12,
     "metadata": {},
     "output_type": "execute_result"
    }
   ],
   "source": [
    "# Checking the correlation between the features and the label\n",
    "td.corr()"
   ]
  },
  {
   "cell_type": "code",
   "execution_count": 13,
   "metadata": {
    "colab": {
     "base_uri": "https://localhost:8080/"
    },
    "id": "8Rj7enWDSzE7",
    "outputId": "062179c8-51ca-4198-c485-fed97893bdf7",
    "scrolled": false
   },
   "outputs": [
    {
     "data": {
